[gd_scene load_steps=2 format=3 uid="uid://c8observation_tower"]

[sub_resource type="StandardMaterial3D" id="StandardMaterial3D_tower"]
albedo_color = Color(0.6, 0.55, 0.5, 1)
roughness = 0.85
texture_filter = 0

[node name="ObservationTower" type="Node3D"]

[node name="TowerBase" type="CSGCylinder3D" parent="."]
transform = Transform3D(1, 0, 0, 0, 1, 0, 0, 0, 1, 0, 6, 0)
use_collision = true
radius = 4.0
height = 12.0
sides = 8
material = SubResource("StandardMaterial3D_tower")

[node name="Ramp_0" type="CSGBox3D" parent="."]
transform = Transform3D(0.965926, 0.0669873, -0.25, -0.0580127, 0.99756, 0.0386296, 0.251978, -0.0227671, 0.967469, 1.6, 1.5, 0)
use_collision = true
size = Vector3(6, 0.3, 2)
material = SubResource("StandardMaterial3D_tower")

[node name="Ramp_1" type="CSGBox3D" parent="."]
transform = Transform3D(0.0669873, 0.0669873, 0.995512, -0.0580127, 0.99756, -0.0386296, -0.996057, -0.0227671, 0.0855136, 0, 4.5, 1.6)
use_collision = true
size = Vector3(6, 0.3, 2)
material = SubResource("StandardMaterial3D_tower")

[node name="Ramp_2" type="CSGBox3D" parent="."]
transform = Transform3D(-0.965926, 0.0669873, 0.25, -0.0580127, 0.99756, -0.0386296, -0.251978, -0.0227671, -0.967469, -1.6, 7.5, 0)
use_collision = true
size = Vector3(6, 0.3, 2)
material = SubResource("StandardMaterial3D_tower")

[node name="Ramp_3" type="CSGBox3D" parent="."]
transform = Transform3D(-0.0669873, 0.0669873, -0.995512, -0.0580127, 0.99756, 0.0386296, 0.996057, -0.0227671, -0.0855136, 0, 10.5, -1.6)
use_collision = true
size = Vector3(6, 0.3, 2)
material = SubResource("StandardMaterial3D_tower")

[node name="Platform" type="CSGCylinder3D" parent="."]
transform = Transform3D(1, 0, 0, 0, 1, 0, 0, 0, 1, 0, 12.25, 0)
use_collision = true
radius = 5.0
height = 0.5
sides = 8
material = SubResource("StandardMaterial3D_tower")

[node name="Merlon_0" type="CSGBox3D" parent="."]
transform = Transform3D(1, 0, 0, 0, 1, 0, 0, 0, 1, 4.5, 13, 0)
use_collision = true
size = Vector3(1, 1.5, 0.5)
material = SubResource("StandardMaterial3D_tower")

[node name="Merlon_1" type="CSGBox3D" parent="."]
transform = Transform3D(0.707107, 0, 0.707107, 0, 1, 0, -0.707107, 0, 0.707107, 3.18, 13, 3.18)
use_collision = true
size = Vector3(1, 1.5, 0.5)
material = SubResource("StandardMaterial3D_tower")

[node name="Merlon_2" type="CSGBox3D" parent="."]
transform = Transform3D(0, 0, 1, 0, 1, 0, -1, 0, 0, 0, 13, 4.5)
use_collision = true
size = Vector3(1, 1.5, 0.5)
material = SubResource("StandardMaterial3D_tower")

[node name="Merlon_3" type="CSGBox3D" parent="."]
transform = Transform3D(-0.707107, 0, 0.707107, 0, 1, 0, -0.707107, 0, -0.707107, -3.18, 13, 3.18)
use_collision = true
size = Vector3(1, 1.5, 0.5)
material = SubResource("StandardMaterial3D_tower")

[node name="Merlon_4" type="CSGBox3D" parent="."]
transform = Transform3D(-1, 0, 0, 0, 1, 0, 0, 0, -1, -4.5, 13, 0)
use_collision = true
size = Vector3(1, 1.5, 0.5)
material = SubResource("StandardMaterial3D_tower")

[node name="Merlon_5" type="CSGBox3D" parent="."]
transform = Transform3D(-0.707107, 0, -0.707107, 0, 1, 0, 0.707107, 0, -0.707107, -3.18, 13, -3.18)
use_collision = true
size = Vector3(1, 1.5, 0.5)
material = SubResource("StandardMaterial3D_tower")

[node name="Merlon_6" type="CSGBox3D" parent="."]
transform = Transform3D(0, 0, -1, 0, 1, 0, 1, 0, 0, 0, 13, -4.5)
use_collision = true
size = Vector3(1, 1.5, 0.5)
material = SubResource("StandardMaterial3D_tower")

[node name="Merlon_7" type="CSGBox3D" parent="."]
transform = Transform3D(0.707107, 0, -0.707107, 0, 1, 0, 0.707107, 0, 0.707107, 3.18, 13, -3.18)
use_collision = true
size = Vector3(1, 1.5, 0.5)
material = SubResource("StandardMaterial3D_tower")

[node name="ChestSpawnPoint" type="Marker3D" parent="."]
transform = Transform3D(1, 0, 0, 0, 1, 0, 0, 0, 1, 0, 12.5, 0)
